252.6788717 53.3452222
292.3628217 42.0014609
281.0810042 -4.9980018
39.3455684 35.4011902
39.4034531 9.6397571
309.4975268 -13.1746423
347.7380689 -16.1563794
17.8599521 4.7244369
266.8662696 40.085812
270.0639314 72.6197577
348.0911697 -21.5247329
81.752462 -14.3211868
296.1124073 -16.7807718
304.0705092 -17.3978321
94.552562 -2.0100711
286.6331257 -3.5223737
289.1761508 3.3065397
17.7315568 19.7794172
35.1395333 12.3133304
42.3426783 16.1678438
305.6040398 10.4238032
44.6452764 -21.9519581
48.1136089 -27.1365997
308.2658406 -27.2102734
343.666133 -27.5683508
355.133431 -26.5551828
314.8691358 -10.196475
321.1448433 -11.5232465
333.8956195 -10.1593414
15.512936 -5.3748044
79.4343916 -9.0899676
92.0798242 -9.5960234
294.9945352 -4.7402277
320.8334614 -0.5597457
329.3525828 -6.6010204
353.5059438 -0.8500314
358.0101937 -4.2246343
49.9165084 0.9922254
58.8178123 2.3385271
98.0978194 2.2506817
257.0912866 0.9633875
294.6753943 1.923644
310.291133 5.1952406
329.5201386 1.029756
12.3786947 15.5379262
97.076665 13.0350958
102.1430071 18.4535946
283.4813991 12.4447513
292.1636415 17.8825846
302.8541219 18.4717082
321.5686829 12.067829
331.7467038 11.2729678
27.7826218 25.7386059
47.0895584 21.5898432
112.3769787 28.9786577
117.17734 22.8683467
273.3244274 24.3810344
286.2360987 29.4516266
307.0327302 22.3902138
311.7487209 29.3738765
105.6609593 31.0753374
120.6806587 31.0677244
315.7250046 37.3120208
115.3546804 43.9349495
123.5120926 48.6755945
283.6406586 45.261295
313.0767345 44.2751443
323.0811604 44.705015
117.4505549 52.1752463
259.9003616 57.9043047
279.2047135 52.8054514
294.9692167 56.2603715
325.7950761 50.3597596
114.4150177 63.1696029
254.5348339 61.8338432
261.7810293 65.8625237
296.3963723 66.7507036
308.3660125 64.284938
327.3558148 62.4930473
340.1696329 68.6717623
248.1444222 73.9953682
277.1216735 71.5328053
343.7830649 70.7281358
